{
 "cells": [
  {
   "cell_type": "code",
   "execution_count": 4,
   "id": "0931fe06",
   "metadata": {},
   "outputs": [],
   "source": [
    "import numpy as np\n",
    "\n",
    "np.random.seed(4400)\n",
    "\n",
    "matrices = [np.random.randint(-10, 11, size=(3,3)) for _ in range(3)]"
   ]
  },
  {
   "cell_type": "code",
   "execution_count": 5,
   "id": "a1ae5e1b",
   "metadata": {},
   "outputs": [
    {
     "name": "stdout",
     "output_type": "stream",
     "text": [
      "\n",
      "Matrix 1:\n",
      "[[-7 -3 -5]\n",
      " [-6 -7  9]\n",
      " [-7  5  4]]\n",
      "\n",
      "Inverse:\n",
      "[[-0.07135875 -0.01270772 -0.06060606]\n",
      " [-0.03812317 -0.06158358  0.09090909]\n",
      " [-0.07722385  0.05474096  0.03030303]]\n",
      "\n",
      "Verification (M × M⁻¹):\n",
      "[[ 1.00000000e+00 -2.08166817e-17 -1.11022302e-16]\n",
      " [ 3.88578059e-16  1.00000000e+00 -8.32667268e-17]\n",
      " [ 0.00000000e+00 -2.77555756e-17  1.00000000e+00]]\n",
      "\n",
      "Matrix 2:\n",
      "[[ 6 -9 -4]\n",
      " [ 9 -2 -2]\n",
      " [-4 -1 10]]\n",
      "\n",
      "Inverse:\n",
      "[[-0.03264095  0.13946588  0.0148368 ]\n",
      " [-0.12166172  0.0652819  -0.03560831]\n",
      " [-0.02522255  0.06231454  0.10237389]]\n",
      "\n",
      "Verification (M × M⁻¹):\n",
      "[[ 1.00000000e+00  2.22044605e-16  0.00000000e+00]\n",
      " [ 6.93889390e-18  1.00000000e+00  0.00000000e+00]\n",
      " [-6.93889390e-18  2.77555756e-17  1.00000000e+00]]\n",
      "\n",
      "Matrix 3:\n",
      "[[-9 10 -4]\n",
      " [-4  0  3]\n",
      " [-6  0 -1]]\n",
      "\n",
      "Inverse:\n",
      "[[-0.00000000e+00 -4.54545455e-02 -1.36363636e-01]\n",
      " [ 1.00000000e-01  6.81818182e-02 -1.95454545e-01]\n",
      " [ 1.34572488e-17  2.72727273e-01 -1.81818182e-01]]\n",
      "\n",
      "Verification (M × M⁻¹):\n",
      "[[ 1.00000000e+00 -2.22044605e-16 -3.33066907e-16]\n",
      " [ 4.03717464e-17  1.00000000e+00 -2.49800181e-16]\n",
      " [-1.34572488e-17 -1.66533454e-16  1.00000000e+00]]\n"
     ]
    }
   ],
   "source": [
    "for i, M in enumerate(matrices, start=1):\n",
    "    print(f\"\\nMatrix {i}:\")\n",
    "    print(M)\n",
    "    \n",
    "    try:\n",
    "        M_inv = np.linalg.inv(M)\n",
    "        print(\"\\nInverse:\")\n",
    "        print(M_inv)\n",
    "        \n",
    "        print(\"\\nVerification (M × M⁻¹):\")\n",
    "        print(M @ M_inv)\n",
    "        \n",
    "    except np.linalg.LinAlgError:\n",
    "        print(\"\\nThis matrix is not invertible (determinant = 0).\")"
   ]
  },
  {
   "cell_type": "markdown",
   "id": "b787c3e6",
   "metadata": {},
   "source": [
    "Each matrix was generated randomly. NumPy's `linalg.inv` function was used to attempt\n",
    "to compute the inverse. When the inverse exists, multiplying the matrix\n",
    "by its inverse yields the identity matrix (up to floating-point error).\n",
    "If the matrix is singular, NumPy throws an error, indicating that the\n",
    "inverse does not exist.\n"
   ]
  }
 ],
 "metadata": {
  "kernelspec": {
   "display_name": "cs4100",
   "language": "python",
   "name": "python3"
  },
  "language_info": {
   "codemirror_mode": {
    "name": "ipython",
    "version": 3
   },
   "file_extension": ".py",
   "mimetype": "text/x-python",
   "name": "python",
   "nbconvert_exporter": "python",
   "pygments_lexer": "ipython3",
   "version": "3.11.13"
  }
 },
 "nbformat": 4,
 "nbformat_minor": 5
}
